-0.334
0.64285
0.1598
1.9383
-0.33232
0.19296
0.12042
-0.31496
0.026844
1.1691
1.6894
0.71933
0.88371
0.62257
0.18278
-1.1626
2.0677
-0.76518
0.29449
-0.12741
1.6029
0.22789
0.36473
0.046199
0.49648
0.78426
0.8704
1.1106
0.18619
1.117
0.67564
0.36688
0.94493
1.5613
0.72512
-0.98713
1.5745
1.0201
-0.53371
-0.14339
0.30169
-0.81914
0.85624
1.2929
0.44167
1.8051
0.52732
-0.31793
0.16023
1.1406
0.0011572
0.58492
0.71886
1.034
0.86714
-0.83824
0.82091
0.48444
1.5838
1.4589
0.54798
-0.0072639
0.17457
2.0089
0.016761
0.016642
-0.30232
0.86908
1.2856
0.94798
0.59999
0.37985
1.53
0.41213
0.61729
0.75942
-0.046122
0.9999
-0.18763
0.62693
0.24479
0.36191
0.64581
-0.99013
-0.18853
0.54377
0.59649
1.0266
0.063515
0.58166
-0.79144
0.83125
-0.077766
0.85812
0.50081
1.7735
0.59586
0.98735
-0.059806
-0.93249
1.2161
0.34852
0.30552
0.67256
0.44843
0.070022
1.2066
0.79802
0.69137
1.8248
0.51997
0.12612
0.95671
1.9744
1.1665
0.71624
0.64052
-0.14008
0.26413
-0.37855
-0.39022
0.26976
1.1381
0.29796
0.78784
1.3661
0.67892
0.031151
1.1522
1.1307
0.78594
0.31753
-0.31458
1.0049
0.47367
0.368
-0.49248
0.672
1.3091
-0.82456
0.94618
0.80688
0.12362
0.67866
-0.12543
-0.96843
0.59882
1.1332
0.93018
-0.09885
