-1.026
0.68598
-0.13308
-0.24814
0.82006
0.36633
-0.8843
0.39317
1.1659
0.29128
0.17943
0.31613
1.1544
0.98156
1.2791
1.6924
-0.21651
0.23436
0.46839
-0.03259
1.3115
1.6383
-0.4678
0.3588
0.8877
0.1716
1.9279
0.31409
0.5294
0.49905
-0.31384
0.10448
0.19968
1.0682
-1.0247
-0.53616
0.094033
1.3916
1.329
0.73169
0.72259
0.2515
1.2546
1.8304
2.5466
-1.157
0.80135
1.4331
0.87252
1.0436
1.6513
-0.38722
-0.53864
1.4014
-0.46672
0.83454
1.3096
-0.44818
1.0091
0.24835
0.080924
-0.22238
-0.51328
1.4243
0.16408
0.096045
0.79132
1.064
1.4844
0.83372
0.5434
0.19879
0.92956
-0.025372
1.0943
-0.6771
1.8643
0.34381
-0.40869
0.48593
1.0129
1.2089
0.43412
0.72652
0.26245
-0.50567
-0.036077
-0.50255
0.63522
0.4037
-0.47882
0.87797
-0.08594
0.65449
0.30807
-1.026
1.6275
0.0015867
-0.024859
0.2969
