1.0227
1.58
0.19918
0.10056
0.5717
-0.705
1.0144
1.377
1.1748
1.7329
1.832
0.3205
0.59185
0.13072
0.62047
0.61007
0.27568
0.52685
0.087359
0.21593
-0.71331
1.0006
0.092671
-0.7515
1.7217
1.0353
-1.1672
-0.18583
0.12543
-0.23802
0.78268
0.67261
-0.25986
0.6146
-0.6358
0.55475
0.54904
0.25167
-1.6566
1.3845
0.24051
1.0807
0.13661
1.4889
0.40434
-0.74173
1.3342
0.88047
1.4919
-0.1923
1.9504
-0.39447
-1.3069
0.25395
0.56953
0.48794
-0.42196
0.93841
1.0292
0.61173
1.1295
0.046558
-0.66303
0.91741
-0.35715
1.2857
0.65064
1.1803
0.0054519
-0.035403
-0.68681
1.38
0.24744
-0.0035147
0.96842
0.56118
0.78806
1.8814
-1.0974
0.99737
-0.24905
0.53026
-0.4298
0.616
-0.10495
0.34233
0.44622
0.95079
0.56428
0.67457
1.2322
1.2899
0.98367
0.69392
1.1536
0.6881
0.75893
0.90941
0.47462
0.62727
0.065166
0.78304
-0.63329
-0.39183
0.037246
0.67005
-0.95697
0.35747
1.4524
2.2861
-1.8944
-0.17011
0.096796
1.0575
0.61136
-0.86638
0.96592
-0.12416
-0.803
0.37851
0.34552
1.1198
0.43823
1.0653
2.1929
1.2257
1.5466
0.60668
-0.20174
-0.67439
-0.61944
1.0392
0.57065
-0.26073
-0.11299
0.93089
0.62436
0.10931
1.3161
1.0308
0.61845
0.40327
0.41097
0.59104
1.3876
-0.11066
0.5898
0.15569
1.0373
1.6785
-0.12171
1.0171
0.28312
0.69802
-0.45535
-1.0135
1.204
0.1479
0.38778
1.0312
0.77623
1.2603
1.1025
-0.024078
-0.037107
1.6509
1.1506
1.963
-0.029556
0.015088
1.2009
1.0614
0.48189
0.71774
1.0093
-0.047706
1.3769
-0.27276
-0.055195
-0.095403
1.2061
0.065852
0.52909
-0.0078648
-0.21976
0.6394
-0.10441
-0.051597
-0.11707
-0.027588
0.33016
1.3168
1.3988
0.59012
0.72965
0.032428
-0.072138
0.16298
0.61066
-0.50982
